2601.22594
2602.05183
2602.15222
2602.19467
2603.04198
2603.20101
2603.20729
2603.21014
2603.22593
2603.23101
2604.03436
2604.03473
2604.03764
2604.03912
2604.17941
2605.02919
2605.07640
2605.09129
2605.09918
2605.10327
2605.12874
2605.16591
2605.18830
2605.22897
2605.23393
2605.26061
2605.26343
2605.28854
2606.02378
2606.05079
2606.05817
2606.06267
2606.07560
2606.08236
2606.08292
2606.08777
2606.12058
2606.12917
2606.15036
2606.15796
2606.16044
2606.16694
2606.16867
2606.16920
2606.20756
2606.25010
2606.29171
2607.02800
2607.07316
2607.13749
2607.14791
2607.15146
2607.15893
2607.17765
2607.17770
2607.17826
2607.17843
2607.18086
2607.18323
2607.18828
2607.19317
2607.19503
2607.19618
2607.19954
2607.20596
2607.20652
2607.20778
2607.20864
2607.20995
2607.21353
2607.21356
2607.22086
2607.22513
2607.23054
2607.23083
2607.23496
2607.23519
2607.23538
2607.23893
2607.23934
2607.23967
2607.23970
2607.23976
2607.24339
2607.24425
2607.24471
2607.24645
2607.25132
2607.25244
2607.25270
2607.25907
2607.26825
2607.26993
2607.27404
2607.27574
2607.27910
2607.27968
2607.28008
2607.28146
2607.28466
2607.28607
2607.28906
2607.29062
2607.29484
2607.29503
2608.00207
2608.00218
2608.00246
2608.00716
2608.01008
2608.01014
2608.01422
2608.01816
2608.01833
2608.01849
2608.02415
2608.02486
2608.02632
2608.02657
2608.03070
2608.03071
2608.03123
2608.03507
2608.03620
2608.03629
2608.03892
2608.04183
2608.04381
2608.04519
2608.04692
2608.04904
2608.05160
2608.05243
2608.05705
2608.05732
2608.05783
2608.05877
2608.05960
2608.06031
2608.06246
2608.06300
2608.06400
2608.06417
2608.06578
2608.06613
2608.06638
2608.06659
2608.06792
2608.06969
2608.07208
2608.07436
